f 1m 1f 2m 2f 3m 3f 4m 4f 5m 5f 6m 6f 7m 7f 8m 8f 9m 9f 10m 10f 11m 11f 12m 12f 13m 13f 14m 14f 15m 15f 16m 16f 17m 17f 18m 18f 19m 19f 20m 20f 21m 21f 22m 22f 23m 23f 24m 24f jV0013m jV0013f jV0014m jV0014f jV0015m jV0015f jV0016m jV0016f jV0017m jV0017f jV0018m jV0018f jV0020m jV0020f jV0019m jV0019f jV0022m jV0022f jV0021m jV0021f jV0024m jV0024f jV0023m jV0023f jV0100m jV0100f jV0200m jV0200f jV0300m jV0300f jV0400m jV0400f jV0500m jV0500f jV0600m jV0600f jV0800m jV0800f jV0700m jV0700f jV1000m jV1000f jV0900m jV0900f jV1200m jV1200f jV1100m jV1100f 
1000 1 0 0 0 1 0 0 0 1 0 0 0 0 0 1 0 0 0 1 0 0 0 1 0 1 180 0 0 1 180 0 0 1 180 0 0 0 0 1 180 0 0 1 180 0 0 1 180 5.44543e-011 -90 0.00022 1.25455e-005 7.53982e-011 -90 0.0001005 2.14925e-005 7.53982e-011 -90 6.28319e-012 90 5.44543e-011 -90 0.00022 180 7.53982e-011 -90 0.0001005 180 7.53982e-011 -90 6.28319e-012 90 2.17817e-011 -90 0.00022 5.01818e-006 3.01593e-011 -90 0.0001005 8.59701e-006 3.01593e-011 -90 2.51327e-012 90 2.17817e-011 -90 0.00022 180 3.01593e-011 -90 0.0001005 180 3.01593e-011 -90 2.51327e-012 90 
1291.55 1 0 0 0 1 0 0 0 1 0 0 0 0 0 1 0 0 0 1 0 0 0 1 0 1 180 0 0 1 180 0 0 1 180 0 0 0 0 1 180 0 0 1 180 0 0 1 180 7.03304e-011 -90 0.00022 1.62031e-005 9.73806e-011 -90 0.0001005 2.77587e-005 9.73806e-011 -90 8.11505e-012 90 7.03304e-011 -90 0.00022 180 9.73806e-011 -90 0.0001005 180 9.73806e-011 -90 8.11505e-012 90 2.81322e-011 -90 0.00022 6.48123e-006 3.89522e-011 -90 0.0001005 1.11035e-005 3.89522e-011 -90 3.24602e-012 90 2.81322e-011 -90 0.00022 180 3.89522e-011 -90 0.0001005 180 3.89522e-011 -90 3.24602e-012 90 
1668.1 1 0 0 0 1 0 0 0 1 0 0 0 0 0 1 0 0 0 1 0 0 0 1 0 1 180 0 0 1 180 0 0 1 180 0 0 0 0 1 180 0 0 1 180 0 0 1 180 9.08352e-011 -90 0.00022 2.09271e-005 1.25772e-010 -90 0.0001005 3.58517e-005 1.25772e-010 -90 1.0481e-011 90 9.08352e-011 -90 0.00022 180 1.25772e-010 -90 0.0001005 180 1.25772e-010 -90 1.0481e-011 90 3.63341e-011 -90 0.00022 8.37083e-006 5.03087e-011 -90 0.0001005 1.43407e-005 5.03087e-011 -90 4.19239e-012 90 3.63341e-011 -90 0.00022 180 5.03087e-011 -90 0.0001005 180 5.03087e-011 -90 4.19239e-012 90 
2154.43 1 0 0 0 1 0 0 0 1 0 0 0 0 0 1 0 0 0 1 0 0 0 1 0 1 180 0 0 1 180 0 0 1 180 0 0 0 0 1 180 0 0 1 180 0 0 1 180 1.17318e-010 -90 0.00022 2.70284e-005 1.62441e-010 -90 0.0001005 4.63043e-005 1.62441e-010 -90 1.35367e-011 90 1.17318e-010 -90 0.00022 180 1.62441e-010 -90 0.0001005 180 1.62441e-010 -90 1.35367e-011 90 4.69273e-011 -90 0.00022 1.08113e-005 6.49762e-011 -90 0.0001005 1.85217e-005 6.49762e-011 -90 5.41468e-012 90 4.69273e-011 -90 0.00022 180 6.49762e-011 -90 0.0001005 180 6.49762e-011 -90 5.41468e-012 90 
2782.56 1 0 0 0 1 0 0 0 1 0 0 0 0 0 1 0 0 0 1 0 0 0 1 0 1 180 0 0 1 180 0 0 1 180 0 0 0 0 1 180 0 0 1 180 0 0 1 180 1.51522e-010 -90 0.00022 3.49085e-005 2.098e-010 -90 0.0001005 5.98043e-005 2.098e-010 -90 1.74833e-011 90 1.51522e-010 -90 0.00022 180 2.098e-010 -90 0.0001005 180 2.098e-010 -90 1.74833e-011 90 6.06089e-011 -90 0.00022 1.39634e-005 8.392e-011 -90 0.0001005 2.39217e-005 8.392e-011 -90 6.99333e-012 90 6.06089e-011 -90 0.00022 180 8.392e-011 -90 0.0001005 180 8.392e-011 -90 6.99333e-012 90 
3593.81 1 0 0 0 1 0 0 0 1 0 0 0 0 0 1 0 0 0 1 0 0 0 1 0 1 180 0 0 1 180 0 0 1 180 0 0 0 0 1 180 0 0 1 180 0 0 1 180 1.95699e-010 -90 0.00022 4.5086e-005 2.70967e-010 -90 0.0001005 7.72402e-005 2.70967e-010 -90 2.25806e-011 90 1.95699e-010 -90 0.00022 180 2.70967e-010 -90 0.0001005 180 2.70967e-010 -90 2.25806e-011 90 7.82794e-011 -90 0.00022 1.80344e-005 1.08387e-010 -90 0.0001005 3.08961e-005 1.08387e-010 -90 9.03224e-012 90 7.82794e-011 -90 0.00022 180 1.08387e-010 -90 0.0001005 180 1.08387e-010 -90 9.03224e-012 90 
4641.59 1 0 0 0 1 0 0 0 1 0 0 0 0 0 1 0 0 0 1 0 0 0 1 0 1 180 0 0 1 180 0 0 1 180 0 0 0 0 1 180 0 0 1 180 0 0 1 180 2.52754e-010 -90 0.00022 5.82308e-005 3.49968e-010 -90 0.0001005 9.97595e-005 3.49968e-010 -90 2.9164e-011 90 2.52754e-010 -90 0.00022 180 3.49968e-010 -90 0.0001005 180 3.49968e-010 -90 2.9164e-011 90 1.01102e-010 -90 0.00022 2.32923e-005 1.39987e-010 -90 0.0001005 3.99038e-005 1.39987e-010 -90 1.16656e-011 90 1.01102e-010 -90 0.00022 180 1.39987e-010 -90 0.0001005 180 1.39987e-010 -90 1.16656e-011 90 
5994.84 1 0 0 0 1 0 0 0 1 0 0 0 0 0 1 0 0 0 1 0 0 0 1 0 1 180 0 0 1 180 0 0 1 180 0 0 0 0 1 180 0 0 1 180 0 0 1 180 3.26445e-010 -90 0.00022 7.5208e-005 4.52e-010 -90 0.0001005 0.000128844 4.52e-010 -90 3.76667e-011 90 3.26445e-010 -90 0.00022 180 4.52e-010 -90 0.0001005 180 4.52e-010 -90 3.76667e-011 90 1.30578e-010 -90 0.00022 3.00832e-005 1.808e-010 -90 0.0001005 5.15378e-005 1.808e-010 -90 1.50667e-011 90 1.30578e-010 -90 0.00022 180 1.808e-010 -90 0.0001005 180 1.808e-010 -90 1.50667e-011 90 
7742.64 1 0 0 0 1 0 0 0 1 0 0 0 0 0 1 0 0 0 1 0 0 0 1 0 1 180 0 0 1 180 0 0 1 180 0 0 0 0 1 180 0 0 1 180 0 0 1 180 4.2162e-010 -90 0.00022 9.71349e-005 5.83781e-010 -90 0.0001005 0.000166409 5.83781e-010 -90 4.86484e-011 90 4.2162e-010 -90 0.00022 180 5.83781e-010 -90 0.0001005 180 5.83781e-010 -90 4.86484e-011 90 1.68648e-010 -90 0.00022 3.8854e-005 2.33512e-010 -90 0.0001005 6.65636e-005 2.33512e-010 -90 1.94594e-011 90 1.68648e-010 -90 0.00022 180 2.33512e-010 -90 0.0001005 180 2.33512e-010 -90 1.94594e-011 90 
10000 1 0 0 0 1 0 0 0 1 0 0 0 0 0 1 0 0 0 1 0 0 0 1 0 1 180 0 0 1 180 0 0 1 180 0 0 0 0 1 180 0 0 1 180 0 0 1 180 5.44543e-010 -90 0.00022 0.000125455 7.53982e-010 -90 0.0001005 0.000214925 7.53982e-010 -90 6.28319e-011 90 5.44543e-010 -90 0.00022 180 7.53982e-010 -90 0.0001005 180 7.53982e-010 -90 6.28319e-011 90 2.17817e-010 -90 0.00022 5.01818e-005 3.01593e-010 -90 0.0001005 8.59701e-005 3.01593e-010 -90 2.51327e-011 90 2.17817e-010 -90 0.00022 180 3.01593e-010 -90 0.0001005 180 3.01593e-010 -90 2.51327e-011 90 
12915.5 1 0 0 0 1 0 0 0 1 0 0 0 0 0 1 0 0 0 1 0 0 0 1 0 1 180 0 0 1 180 0 0 1 180 0 0 0 0 1 180 0 0 1 180 0 0 1 180 7.03304e-010 -90 0.00022 0.000162031 9.73806e-010 -90 0.0001005 0.000277587 9.73806e-010 -90 8.11505e-011 90 7.03304e-010 -90 0.00022 180 9.73806e-010 -90 0.0001005 180 9.73806e-010 -90 8.11505e-011 90 2.81322e-010 -90 0.00022 6.48123e-005 3.89522e-010 -90 0.0001005 0.000111035 3.89522e-010 -90 3.24602e-011 90 2.81322e-010 -90 0.00022 180 3.89522e-010 -90 0.0001005 180 3.89522e-010 -90 3.24602e-011 90 
16681 1 0 0 0 1 0 0 0 1 0 0 0 0 0 1 0 0 0 1 0 0 0 1 0 1 180 0 0 1 180 0 0 1 180 0 0 0 0 1 180 0 0 1 180 0 0 1 180 9.08352e-010 -90 0.00022 0.000209271 1.25772e-009 -90 0.0001005 0.000358517 1.25772e-009 -90 1.0481e-010 90 9.08352e-010 -90 0.00022 180 1.25772e-009 -90 0.0001005 180 1.25772e-009 -90 1.0481e-010 90 3.63341e-010 -90 0.00022 8.37083e-005 5.03087e-010 -90 0.0001005 0.000143407 5.03087e-010 -90 4.19239e-011 90 3.63341e-010 -90 0.00022 180 5.03087e-010 -90 0.0001005 180 5.03087e-010 -90 4.19239e-011 90 
21544.3 1 0 0 0 1 0 0 0 1 0 0 0 0 0 1 0 0 0 1 0 0 0 1 0 1 180 0 0 1 180 0 0 1 180 0 0 0 0 1 180 0 0 1 180 0 0 1 180 1.17318e-009 -90 0.00022 0.000270284 1.62441e-009 -90 0.0001005 0.000463043 1.62441e-009 -90 1.35367e-010 90 1.17318e-009 -90 0.00022 180 1.62441e-009 -90 0.0001005 180 1.62441e-009 -90 1.35367e-010 90 4.69273e-010 -90 0.00022 0.000108113 6.49762e-010 -90 0.0001005 0.000185217 6.49762e-010 -90 5.41468e-011 90 4.69273e-010 -90 0.00022 180 6.49762e-010 -90 0.0001005 180 6.49762e-010 -90 5.41468e-011 90 
27825.6 1 0 0 0 1 0 0 0 1 0 0 0 0 0 1 0 0 0 1 0 0 0 1 0 1 180 0 0 1 180 0 0 1 180 0 0 0 0 1 180 0 0 1 180 0 0 1 180 1.51522e-009 -90 0.00022 0.000349085 2.098e-009 -90 0.0001005 0.000598043 2.098e-009 -90 1.74833e-010 90 1.51522e-009 -90 0.00022 180 2.098e-009 -90 0.0001005 179.999 2.098e-009 -90 1.74833e-010 90 6.06089e-010 -90 0.00022 0.000139634 8.392e-010 -90 0.0001005 0.000239217 8.392e-010 -90 6.99333e-011 90 6.06089e-010 -90 0.00022 180 8.392e-010 -90 0.0001005 180 8.392e-010 -90 6.99333e-011 90 
35938.1 1 0 0 0 1 0 0 0 1 0 0 0 0 0 1 0 0 0 1 0 0 0 1 0 1 180 0 0 1 180 0 0 1 180 0 0 0 0 1 180 0 0 1 180 0 0 1 180 1.95699e-009 -90 0.00022 0.00045086 2.70967e-009 -90 0.0001005 0.000772402 2.70967e-009 -90 2.25806e-010 90 1.95699e-009 -90 0.00022 180 2.70967e-009 -90 0.0001005 179.999 2.70967e-009 -90 2.25806e-010 90 7.82794e-010 -90 0.00022 0.000180344 1.08387e-009 -90 0.0001005 0.000308961 1.08387e-009 -90 9.03224e-011 90 7.82794e-010 -90 0.00022 180 1.08387e-009 -90 0.0001005 180 1.08387e-009 -90 9.03224e-011 90 
46415.9 1 0 0 0 1 0 0 0 1 0 0 0 0 0 1 0 0 0 1 0 0 0 1 0 1 180 0 0 1 180 0 0 1 180 0 0 0 0 1 180 0 0 1 180 0 0 1 180 2.52754e-009 -90 0.00022 0.000582308 3.49968e-009 -90 0.0001005 0.000997595 3.49968e-009 -90 2.9164e-010 90 2.52754e-009 -90 0.00022 180 3.49968e-009 -90 0.0001005 179.999 3.49968e-009 -90 2.9164e-010 90 1.01102e-009 -90 0.00022 0.000232923 1.39987e-009 -90 0.0001005 0.000399038 1.39987e-009 -90 1.16656e-010 90 1.01102e-009 -90 0.00022 180 1.39987e-009 -90 0.0001005 180 1.39987e-009 -90 1.16656e-010 90 
59948.4 1 0 0 0 1 0 0 0 1 0 0 0 0 0 1 0 0 0 1 0 0 0 1 0 1 180 0 0 1 180 0 0 1 180 0 0 0 0 1 180 0 0 1 180 0 0 1 180 3.26445e-009 -90 0.00022 0.00075208 4.52e-009 -90 0.0001005 0.00128844 4.52e-009 -90 3.76667e-010 90 3.26445e-009 -90 0.00022 180 4.52e-009 -90 0.0001005 179.999 4.52e-009 -90 3.76667e-010 90 1.30578e-009 -90 0.00022 0.000300832 1.808e-009 -90 0.0001005 0.000515378 1.808e-009 -90 1.50667e-010 90 1.30578e-009 -90 0.00022 180 1.808e-009 -90 0.0001005 179.999 1.808e-009 -90 1.50667e-010 90 
77426.4 1 0 0 0 1 0 0 0 1 0 0 0 0 0 1 0 0 0 1 0 0 0 1 0 1 180 0 0 1 180 0 0 1 180 0 0 0 0 1 180 0 0 1 180 0 0 1 180 4.2162e-009 -90 0.00022 0.000971349 5.83781e-009 -90 0.0001005 0.00166409 5.83781e-009 -90 4.86484e-010 90 4.2162e-009 -90 0.00022 180 5.83781e-009 -90 0.0001005 179.998 5.83781e-009 -90 4.86484e-010 90 1.68648e-009 -90 0.00022 0.00038854 2.33512e-009 -90 0.0001005 0.000665636 2.33512e-009 -90 1.94594e-010 90 1.68648e-009 -90 0.00022 180 2.33512e-009 -90 0.0001005 179.999 2.33512e-009 -90 1.94594e-010 90 
100000 1 0 0 0 1 0 0 0 1 0 0 0 0 0 1 0 0 0 1 0 0 0 1 0 1 180 0 0 1 180 0 0 1 180 0 0 0 0 1 180 0 0 1 180 0 0 1 180 5.44543e-009 -90 0.00022 0.00125455 7.53982e-009 -90 0.0001005 0.00214925 7.53982e-009 -90 6.28319e-010 90 5.44543e-009 -90 0.00022 180 7.53982e-009 -90 0.0001005 179.998 7.53982e-009 -90 6.28319e-010 90 2.17817e-009 -90 0.00022 0.000501818 3.01593e-009 -90 0.0001005 0.000859701 3.01593e-009 -90 2.51327e-010 90 2.17817e-009 -90 0.00022 180 3.01593e-009 -90 0.0001005 179.999 3.01593e-009 -90 2.51327e-010 90 
129155 1 0 0 0 1 0 0 0 1 0 0 0 0 0 1 0 0 0 1 0 0 0 1 0 1 180 0 0 1 180 0 0 1 180 0 0 0 0 1 180 0 0 1 180 0 0 1 180 7.03304e-009 -90 0.00022 0.00162031 9.73806e-009 -90 0.0001005 0.00277587 9.73806e-009 -90 8.11505e-010 90 7.03304e-009 -90 0.00022 180 9.73806e-009 -90 0.0001005 179.997 9.73806e-009 -90 8.11505e-010 90 2.81322e-009 -90 0.00022 0.000648123 3.89522e-009 -90 0.0001005 0.00111035 3.89522e-009 -90 3.24602e-010 90 2.81322e-009 -90 0.00022 180 3.89522e-009 -90 0.0001005 179.999 3.89522e-009 -90 3.24602e-010 90 
166810 1 0 0 0 1 0 0 0 1 0 0 0 0 0 1 0 0 0 1 0 0 0 1 0 1 180 0 0 1 180 0 0 1 180 0 0 0 0 1 180 0 0 1 180 0 0 1 180 9.08352e-009 -90 0.00022 0.00209271 1.25772e-008 -90 0.0001005 0.00358517 1.25772e-008 -90 1.0481e-009 90 9.08352e-009 -90 0.00022 180 1.25772e-008 -90 0.0001005 179.996 1.25772e-008 -90 1.0481e-009 90 3.63341e-009 -90 0.00022 0.000837083 5.03087e-009 -90 0.0001005 0.00143407 5.03087e-009 -90 4.19239e-010 90 3.63341e-009 -90 0.00022 180 5.03087e-009 -90 0.0001005 179.999 5.03087e-009 -90 4.19239e-010 90 
215443 1 0 0 0 1 0 0 0 1 0 0 0 0 0 1 0 0 0 1 0 0 0 1 0 1 180 0 0 1 180 0 0 1 180 0 0 0 0 1 180 0 0 1 180 0 0 1 180 1.17318e-008 -90 0.00022 0.00270284 1.62441e-008 -90 0.0001005 0.00463043 1.62441e-008 -90 1.35367e-009 90 1.17318e-008 -90 0.00022 180 1.62441e-008 -90 0.0001005 179.995 1.62441e-008 -90 1.35367e-009 90 4.69273e-009 -90 0.00022 0.00108113 6.49762e-009 -90 0.0001005 0.00185217 6.49762e-009 -90 5.41468e-010 90 4.69273e-009 -90 0.00022 180 6.49762e-009 -90 0.0001005 179.998 6.49762e-009 -90 5.41468e-010 90 
278256 1 0 0 0 1 0 0 0 1 0 0 0 0 0 1 0 0 0 1 0 0 0 1 0 1 180 0 0 1 180 0 0 1 180 0 0 0 0 1 180 0 0 1 180 0 0 1 180 1.51522e-008 -90 0.00022 0.00349085 2.098e-008 -90 0.0001005 0.00598043 2.098e-008 -90 1.74833e-009 90 1.51522e-008 -90 0.00022 180 2.098e-008 -90 0.0001005 179.994 2.098e-008 -90 1.74833e-009 90 6.06089e-009 -90 0.00022 0.00139634 8.392e-009 -90 0.0001005 0.00239217 8.392e-009 -90 6.99333e-010 90 6.06089e-009 -90 0.00022 180 8.392e-009 -90 0.0001005 179.998 8.392e-009 -90 6.99333e-010 90 
359381 1 0 0 0 1 0 0 0 1 0 0 0 0 0 1 0 0 0 1 0 0 0 1 0 1 180 0 0 1 180 0 0 1 180 0 0 0 0 1 180 0 0 1 180 0 0 1 180 1.95699e-008 -90 0.00022 0.0045086 2.70967e-008 -90 0.0001005 0.00772402 2.70967e-008 -90 2.25806e-009 90 1.95699e-008 -90 0.00022 179.999 2.70967e-008 -90 0.0001005 179.992 2.70967e-008 -90 2.25806e-009 90 7.82794e-009 -90 0.00022 0.00180344 1.08387e-008 -90 0.0001005 0.00308961 1.08387e-008 -90 9.03224e-010 90 7.82794e-009 -90 0.00022 180 1.08387e-008 -90 0.0001005 179.997 1.08387e-008 -90 9.03224e-010 90 
464159 1 0 0 0 1 0 0 0 1 0 0 0 0 0 1 0 0 0 1 0 0 0 1 0 1 180 0 0 1 180 0 0 1 180 0 0 0 0 1 180 0 0 1 180 0 0 1 180 2.52754e-008 -90 0.00022 0.00582308 3.49968e-008 -90 0.0001005 0.00997595 3.49968e-008 -90 2.9164e-009 90 2.52754e-008 -90 0.00022 179.999 3.49968e-008 -90 0.0001005 179.99 3.49968e-008 -90 2.9164e-009 90 1.01102e-008 -90 0.00022 0.00232923 1.39987e-008 -90 0.0001005 0.00399038 1.39987e-008 -90 1.16656e-009 90 1.01102e-008 -90 0.00022 180 1.39987e-008 -90 0.0001005 179.996 1.39987e-008 -90 1.16656e-009 90 
599484 1 0 0 0 1 0 0 0 1 0 0 0 0 0 1 0 0 0 1 0 0 0 1 0 1 180 0 0 1 180 0 0 1 180 0 0 0 0 1 180 0 0 1 180 0 0 1 180 3.26445e-008 -90 0.00022 0.0075208 4.52e-008 -90 0.0001005 0.0128844 4.52e-008 -90 3.76667e-009 90 3.26445e-008 -90 0.00022 179.999 4.52e-008 -90 0.0001005 179.987 4.52e-008 -90 3.76667e-009 90 1.30578e-008 -90 0.00022 0.00300832 1.808e-008 -90 0.0001005 0.00515378 1.808e-008 -90 1.50667e-009 90 1.30578e-008 -90 0.00022 180 1.808e-008 -90 0.0001005 179.995 1.808e-008 -90 1.50667e-009 90 
774264 1 0 0 0 1 0 0 0 1 0 0 0 0 0 1 0 0 0 1 0 0 0 1 0 1 180 0 0 1 180 0 0 1 180 0 0 0 0 1 180 0 0 1 180 0 0 1 180 4.2162e-008 -90 0.00022 0.00971349 5.83781e-008 -90 0.0001005 0.0166409 5.83781e-008 -90 4.86484e-009 90 4.2162e-008 -90 0.00022 179.999 5.83781e-008 -90 0.0001005 179.983 5.83781e-008 -90 4.86484e-009 90 1.68648e-008 -90 0.00022 0.0038854 2.33512e-008 -90 0.0001005 0.00665636 2.33512e-008 -90 1.94594e-009 90 1.68648e-008 -90 0.00022 179.999 2.33512e-008 -90 0.0001005 179.993 2.33512e-008 -90 1.94594e-009 90 
1e+006 1 0 0 0 1 0 0 0 1 0 0 0 0 0 1 0 0 0 1 0 0 0 1 0 1 180 0 0 1 180 0 0 1 180 0 0 0 0 1 180 0 0 1 180 0 0 1 180 5.44543e-008 -90 0.00022 0.0125455 7.53982e-008 -90 0.0001005 0.0214925 7.53982e-008 -90 6.28319e-009 90 5.44543e-008 -90 0.00022 179.998 7.53982e-008 -90 0.0001005 179.979 7.53982e-008 -90 6.28319e-009 90 2.17817e-008 -90 0.00022 0.00501818 3.01593e-008 -90 0.0001005 0.00859701 3.01593e-008 -90 2.51327e-009 90 2.17817e-008 -90 0.00022 179.999 3.01593e-008 -90 0.0001005 179.991 3.01593e-008 -90 2.51327e-009 90 
1.29155e+006 1 0 0 0 1 0 0 0 1 0 0 0 0 0 1 0 0 0 1 0 0 0 1 0 1 180 0 0 1 180 0 0 1 180 0 0 0 0 1 180 0 0 1 180 0 0 1 180 7.03304e-008 -90 0.00022 0.0162031 9.73806e-008 -90 0.0001005 0.0277587 9.73806e-008 -90 8.11505e-009 90 7.03304e-008 -90 0.00022 179.998 9.73806e-008 -90 0.0001005 179.972 9.73806e-008 -90 8.11505e-009 90 2.81322e-008 -90 0.00022 0.00648123 3.89522e-008 -90 0.0001005 0.0111035 3.89522e-008 -90 3.24602e-009 90 2.81322e-008 -90 0.00022 179.999 3.89522e-008 -90 0.0001005 179.989 3.89522e-008 -90 3.24602e-009 90 
1.6681e+006 1 0 0 0 1 0 0 0 1 0 0 0 0 0 1 0 0 0 1 0 0 0 1 0 1 180 0 0 1 180 0 0 1 180 0 0 0 0 1 180 0 0 1 180 0 0 1 180 9.08352e-008 -90 0.00022 0.0209271 1.25772e-007 -90 0.0001005 0.0358517 1.25772e-007 -90 1.0481e-008 90 9.08352e-008 -90 0.00022 179.997 1.25772e-007 -90 0.0001005 179.964 1.25772e-007 -90 1.0481e-008 90 3.63341e-008 -90 0.00022 0.00837083 5.03087e-008 -90 0.0001005 0.0143407 5.03087e-008 -90 4.19239e-009 90 3.63341e-008 -90 0.00022 179.999 5.03087e-008 -90 0.0001005 179.986 5.03087e-008 -90 4.19239e-009 90 
2.15443e+006 1 0 0 0 1 0 0 0 1 0 0 0 0 0 1 0 0 0 1 0 0 0 1 0 1 180 0 0 1 180 0 0 1 180 0 0 0 0 1 180 0 0 1 180 0 0 1 180 1.17318e-007 -90 0.00022 0.0270284 1.62441e-007 -90 0.0001005 0.0463043 1.62441e-007 -90 1.35367e-008 90 1.17318e-007 -90 0.00022 179.996 1.62441e-007 -90 0.0001005 179.954 1.62441e-007 -90 1.35367e-008 90 4.69273e-008 -90 0.00022 0.0108113 6.49762e-008 -90 0.0001005 0.0185217 6.49762e-008 -90 5.41468e-009 90 4.69273e-008 -90 0.00022 179.999 6.49762e-008 -90 0.0001005 179.981 6.49762e-008 -90 5.41468e-009 90 
2.78256e+006 1 0 0 0 1 0 0 0 1 0 0 0 0 0 1 0 0 0 1 0 0 0 1 0 1 180 0 0 1 180 0 0 1 180 0 0 0 0 1 180 0 0 1 180 0 0 1 180 1.51522e-007 -90 0.00022 0.0349085 2.098e-007 -90 0.0001005 0.0598042 2.098e-007 -90 1.74833e-008 90 1.51522e-007 -90 0.00022 179.995 2.098e-007 -90 0.0001005 179.94 2.098e-007 -90 1.74833e-008 90 6.06089e-008 -90 0.00022 0.0139634 8.392e-008 -90 0.0001005 0.0239217 8.392e-008 -90 6.99333e-009 90 6.06089e-008 -90 0.00022 179.998 8.392e-008 -90 0.0001005 179.976 8.392e-008 -90 6.99333e-009 90 
3.59381e+006 1 0 0 0 1 0 0 0 1 0 0 0 0 0 1 0 0 0 1 0 0 0 1 0 1 180 0 0 1 180 0 0 1 180 0 0 0 0 1 180 0 0 1 180 0 0 1 180 1.95699e-007 -90 0.00022 0.045086 2.70967e-007 -90 0.0001005 0.0772401 2.70967e-007 -90 2.25806e-008 90 1.95699e-007 -90 0.00022 179.994 2.70967e-007 -90 0.0001005 179.923 2.70967e-007 -90 2.25806e-008 90 7.82794e-008 -90 0.00022 0.0180344 1.08387e-007 -90 0.0001005 0.0308961 1.08387e-007 -90 9.03224e-009 90 7.82794e-008 -90 0.00022 179.998 1.08387e-007 -90 0.0001005 179.969 1.08387e-007 -90 9.03224e-009 90 
4.64159e+006 1 0 0 0 1 0 0 0 1 0 0 0 0 0 1 0 0 0 1 0 0 0 1 0 1 180 0 0 1 180 0 0 1 180 0 0 0 0 1 180 0 0 1 180 0 0 1 180 2.52754e-007 -90 0.00022 0.0582308 3.49968e-007 -90 0.0001005 0.0997594 3.49968e-007 -90 2.9164e-008 90 2.52754e-007 -90 0.00022 179.992 3.49968e-007 -90 0.0001005 179.9 3.49968e-007 -90 2.9164e-008 90 1.01102e-007 -90 0.00022 0.0232923 1.39987e-007 -90 0.0001005 0.0399038 1.39987e-007 -90 1.16656e-008 90 1.01102e-007 -90 0.00022 179.997 1.39987e-007 -90 0.0001005 179.96 1.39987e-007 -90 1.16656e-008 90 
5.99484e+006 1 0 0 0 1 0 0 0 1 0 0 0 0 0 1 0 0 0 1 0 0 0 1 0 1 180 0 0 1 180 0 0 1 180 0 0 0 0 1 180 0 0 1 180 0 0 1 180 3.26445e-007 -90 0.00022 0.075208 4.52e-007 -90 0.0001005 0.128844 4.52e-007 -90 3.76667e-008 90 3.26445e-007 -90 0.00022 179.99 4.52e-007 -90 0.0001005 179.871 4.52e-007 -90 3.76667e-008 90 1.30578e-007 -90 0.00022 0.0300832 1.808e-007 -90 0.0001005 0.0515377 1.808e-007 -90 1.50667e-008 90 1.30578e-007 -90 0.00022 179.996 1.808e-007 -90 0.0001005 179.948 1.808e-007 -90 1.50667e-008 90 
7.74264e+006 1 0 0 0 1 0 0 0 1 0 0 0 0 0 1 0 0 0 1 0 0 0 1 0 1 180 0 0 1 180 0 0 1 180 0 0 0 0 1 180 0 0 1 180 0 0 1 180 4.2162e-007 -90 0.00022 0.0971348 5.83781e-007 -90 0.0001005 0.166408 5.83781e-007 -90 4.86484e-008 90 4.2162e-007 -90 0.00022 179.987 5.83781e-007 -90 0.0001005 179.834 5.83781e-007 -90 4.86484e-008 90 1.68648e-007 -90 0.00022 0.038854 2.33512e-007 -90 0.0001005 0.0665635 2.33512e-007 -90 1.94594e-008 90 1.68648e-007 -90 0.00022 179.995 2.33512e-007 -90 0.0001005 179.933 2.33512e-007 -90 1.94594e-008 90 
1e+007 1 0 0 0 1 0 0 0 1 0 0 0 0 0 1 0 0 0 1 0 0 0 1 0 1 180 0 0 1 180 0 0 1 180 0 0 0 0 1 180 0 0 1 180 0 0 1 180 5.44543e-007 -90 0.000220001 0.125454 7.53982e-007 -90 0.000100501 0.214924 7.53982e-007 -90 6.28319e-008 90 5.44543e-007 -90 0.00022 179.984 7.53982e-007 -90 0.000100501 179.785 7.53982e-007 -90 6.28319e-008 90 2.17817e-007 -90 0.00022 0.0501818 3.01593e-007 -90 0.0001005 0.0859701 3.01593e-007 -90 2.51327e-008 90 2.17817e-007 -90 0.00022 179.993 3.01593e-007 -90 0.0001005 179.914 3.01593e-007 -90 2.51327e-008 90 
1.29155e+007 1 0 0 0 1 0 0 0 1 0 0 0 0 0 1 0 0 0 1 0 0 0 1 0 1 180 0 0 1 180 0 0 1 180 0 0 0 0 1 180 0 0 1 180 0 0 1 180 7.03304e-007 -90 0.000220001 0.16203 9.73806e-007 -90 0.000100501 0.277585 9.73806e-007 -90 8.11505e-008 90 7.03304e-007 -90 0.00022 179.979 9.73806e-007 -90 0.000100501 179.722 9.73806e-007 -90 8.11505e-008 90 2.81322e-007 -90 0.00022 0.0648123 3.89522e-007 -90 0.0001005 0.111035 3.89522e-007 -90 3.24602e-008 90 2.81322e-007 -90 0.00022 179.992 3.89522e-007 -90 0.0001005 179.889 3.89522e-007 -90 3.24602e-008 90 
1.6681e+007 1 0 0 0 1 0 0 0 1 0 0 0 0 0 1 0 0 0 1 0 0 0 1 0 1 180 0 0 1 180 0 0 1 180 0 0 0 0 1 180 0 0 1 180 0 0 1 180 9.08352e-007 -90 0.000220001 0.20927 1.25772e-006 -90 0.000100502 0.358512 1.25772e-006 -90 1.0481e-007 90 9.08352e-007 -90 0.00022 179.973 1.25772e-006 -90 0.000100502 179.641 1.25772e-006 -90 1.0481e-007 90 3.63341e-007 -90 0.00022 0.0837083 5.03087e-007 -90 0.0001005 0.143407 5.03087e-007 -90 4.19239e-008 90 3.63341e-007 -90 0.00022 179.989 5.03087e-007 -90 0.0001005 179.857 5.03087e-007 -90 4.19239e-008 90 
2.15443e+007 1 0 0 0 1 0 0 0 1 0 0 0 0 0 1 0 0 0 1 0 0 0 1 0 1 180 0 0 1 180 0 0 1 180 0 0 0 0 1 180 0 0 1 180 0 0 1 180 1.17318e-006 -90 0.000220002 0.270282 1.62441e-006 -90 0.000100503 0.463033 1.62441e-006 -90 1.35367e-007 90 1.17318e-006 -90 0.00022 179.965 1.62441e-006 -90 0.000100503 179.537 1.62441e-006 -90 1.35367e-007 90 4.69273e-007 -90 0.00022 0.108113 6.49762e-007 -90 0.000100501 0.185216 6.49762e-007 -90 5.41468e-008 90 4.69273e-007 -90 0.00022 179.986 6.49762e-007 -90 0.000100501 179.815 6.49762e-007 -90 5.41468e-008 90 
2.78256e+007 1 0 0 0 1 0 0 0 1 0 0 0 0 0 1 0 0 0 1 0 0 0 1 0 1 180 0 0 1 180 0 0 1 180 0 0 0 0 1 180 0 0 1 180 0 0 1 180 1.51522e-006 -90 0.000220004 0.34908 2.098e-006 -90 0.000100505 0.598021 2.098e-006 -90 1.74833e-007 90 1.51522e-006 -90 0.00022 179.954 2.098e-006 -90 0.000100505 179.402 2.098e-006 -90 1.74833e-007 90 6.06089e-007 -90 0.000220001 0.139634 8.392e-007 -90 0.000100501 0.239216 8.392e-007 -90 6.99333e-008 90 6.06089e-007 -90 0.00022 179.982 8.392e-007 -90 0.000100501 179.761 8.392e-007 -90 6.99333e-008 90 
3.59381e+007 1 0 0 0 1 0 0 0 1 0 0 0 0 0 1 0 0 0 1 0 0 0 1 0 1 180 0 0 1 180 0 0 1 180 0 0 0 0 1 180 0 0 1 180 0 0 1 180 1.95699e-006 -90 0.000220007 0.450851 2.70967e-006 -90 0.000100509 0.772355 2.70967e-006 -90 2.25806e-007 90 1.95699e-006 -90 0.00022 179.941 2.70967e-006 -90 0.000100509 179.228 2.70967e-006 -90 2.25806e-007 90 7.82794e-007 -90 0.000220001 0.180344 1.08387e-006 -90 0.000100501 0.308958 1.08387e-006 -90 9.03224e-008 90 7.82794e-007 -90 0.00022 179.976 1.08387e-006 -90 0.000100501 179.691 1.08387e-006 -90 9.03224e-008 90 
4.64159e+007 1 0 0 0 1 0 0 0 1 0 0 0 0 0 1 0 0 0 1 0 0 0 1 0 1 180 0 0 1 180 0 0 1 180 0 0 0 0 1 180 0 0 1 180 0 0 1 180 2.52754e-006 -90 0.000220011 0.582288 3.49968e-006 -90 0.000100515 0.997494 3.49968e-006 -90 2.9164e-007 90 2.52754e-006 -90 0.00022 179.924 3.49968e-006 -90 0.000100515 179.003 3.49968e-006 -90 2.9164e-007 90 1.01102e-006 -90 0.000220002 0.232922 1.39987e-006 -90 0.000100502 0.399032 1.39987e-006 -90 1.16656e-007 90 1.01102e-006 -90 0.00022 179.97 1.39987e-006 -90 0.000100502 179.601 1.39987e-006 -90 1.16656e-007 90 
5.99484e+007 1 0 0 0 1 0 0 0 1 0 0 0 0 0 1 0 0 0 1 0 0 0 1 0 1 180 0 0 1 180 0 0 1 180 0 0 0 0 1 180 0 0 1 180 0 0 1 180 3.26445e-006 -90 0.000220019 0.752037 4.52e-006 -90 0.000100525 1.28823 4.52e-006 -90 3.76667e-007 90 3.26445e-006 -90 0.00022 179.902 4.52e-006 -90 0.000100525 178.712 4.52e-006 -90 3.76667e-007 90 1.30578e-006 -90 0.000220003 0.300829 1.808e-006 -90 0.000100504 0.515364 1.808e-006 -90 1.50667e-007 90 1.30578e-006 -90 0.00022 179.961 1.808e-006 -90 0.000100504 179.485 1.808e-006 -90 1.50667e-007 90 
7.74264e+007 1 0 0 0 1 0 0 0 1 0 0 0 0 0 1 0 0 0 1 0 0 0 1 0 1 180 0 0 1 180 0 0 1 180 0 0 0 0 1 180 0 0 1 180 0 0 1 180 4.2162e-006 -90 0.000220032 0.971256 5.83781e-006 -90 0.000100542 1.66362 5.83781e-006 -90 4.86484e-007 90 4.2162e-006 -90 0.000220001 179.873 5.83781e-006 -90 0.000100542 178.336 5.83781e-006 -90 4.86484e-007 90 1.68648e-006 -90 0.000220005 0.388534 2.33512e-006 -90 0.000100507 0.665606 2.33512e-006 -90 1.94594e-007 90 1.68648e-006 -90 0.00022 179.949 2.33512e-006 -90 0.000100507 179.334 2.33512e-006 -90 1.94594e-007 90 
1e+008 1 0 0 0 1 0 0 0 1 0 0 0 0 0 1 0 0 0 1 0 0 0 1 0 1 180 0 0 1 180 0 0 1 180 0 0 0 0 1 180 0 0 1 180 0 0 1 180 5.44543e-006 -90 0.000220053 1.25435 7.53982e-006 -90 0.000100571 2.14825 7.53982e-006 -90 6.28319e-007 90 5.44543e-006 -90 0.000220001 179.836 7.53982e-006 -90 0.000100571 177.852 7.53982e-006 -90 6.28319e-007 90 2.17817e-006 -90 0.000220008 0.501805 3.01593e-006 -90 0.000100511 0.859637 3.01593e-006 -90 2.51327e-007 90 2.17817e-006 -90 0.00022 179.935 3.01593e-006 -90 0.000100511 179.14 3.01593e-006 -90 2.51327e-007 90 
1.29155e+008 1 0 0 0 1 0 0 0 1 0 0 0 0 0 1 0 0 0 1 0 0 0 1 0 1 180 0 0 1 180 0 0 1 180 0 0 0 0 1 180 0 0 1 180 0 0 1 180 7.03304e-006 -90 0.000220088 1.61988 9.73806e-006 -90 0.000100618 2.7737 9.73806e-006 -90 8.11505e-007 90 7.03304e-006 -90 0.000220001 179.789 9.73806e-006 -90 0.000100618 177.226 9.73806e-006 -90 8.11505e-007 90 2.81322e-006 -90 0.000220014 0.648095 3.89522e-006 -90 0.000100519 1.11021 3.89522e-006 -90 3.24602e-007 90 2.81322e-006 -90 0.00022 179.915 3.89522e-006 -90 0.000100519 178.89 3.89522e-006 -90 3.24602e-007 90 
1.6681e+008 1 0 0 0 1 0 0 0 1 0 0 0 0 0 1 0 0 0 1 0 0 0 1 0 1 180 0 0 1 180 0 0 1 180 0 0 0 0 1 180 0 0 1 180 0 0 1 180 9.08352e-006 -90 0.000220147 2.09178 1.25772e-005 -90 0.000100697 3.5805 1.25772e-005 -90 1.0481e-006 90 9.08352e-006 -90 0.000220002 179.727 1.25772e-005 -90 0.000100697 176.419 1.25772e-005 -90 1.0481e-006 90 3.63341e-006 -90 0.000220023 0.837024 5.03087e-006 -90 0.000100531 1.43377 5.03087e-006 -90 4.19239e-007 90 3.63341e-006 -90 0.00022 179.891 5.03087e-006 -90 0.000100531 178.566 5.03087e-006 -90 4.19239e-007 90 
2.15443e+008 1 0 0 0 1 0 0 0 1 0 0 0 0 0 1 0 0 0 1 0 0 0 1 0 1 180 0 0 1 180 0 0 1 180 0 0 0 0 1 180 0 0 1 180 0 0 1 180 1.17318e-005 -90 0.000220245 2.70083 1.62441e-005 -90 0.000100828 4.62039 1.62441e-005 -90 1.35367e-006 90 1.17318e-005 -90 0.000220004 179.647 1.62441e-005 -90 0.000100828 175.38 1.62441e-005 -90 1.35367e-006 90 4.69273e-006 -90 0.000220039 1.08101 6.49762e-006 -90 0.000100552 1.85153 6.49762e-006 -90 5.41468e-007 90 4.69273e-006 -90 0.000220001 179.859 6.49762e-006 -90 0.000100552 178.148 6.49762e-006 -90 5.41468e-007 90 
2.78256e+008 1 0 0 0 1 0 0 0 1 0 0 0 0 0 1 0 0 0 1 0 0 0 1 0 1 180 0 0 1 180 0 0 1 180 0 0 0 0 1 180 0 0 1 180 0 0 1 180 1.51522e-005 -90 0.000220408 3.48654 2.098e-005 -90 0.000101046 5.95885 2.098e-005 -90 1.74833e-006 90 1.51522e-005 -90 0.000220007 179.545 2.098e-005 -90 0.000101046 174.041 2.098e-005 -90 1.74833e-006 90 6.06089e-006 -90 0.000220065 1.39606 8.392e-006 -90 0.000100588 2.39078 8.392e-006 -90 6.99333e-007 90 6.06089e-006 -90 0.000220001 179.818 8.392e-006 -90 0.000100588 177.609 8.392e-006 -90 6.99333e-007 90 
3.59381e+008 1 0 0 0 1 0 0 0 1 0 0 0 0 0 1 0 0 0 1 0 0 0 1 0 1 180 0 0 1 180 0 0 1 180 0 0 0 0 1 180 0 0 1 180 0 0 1 180 1.95699e-005 -90 0.00022068 4.49933 2.70967e-005 -90 0.000101409 7.67773 2.70967e-005 -90 2.25806e-006 90 1.95699e-005 -90 0.000220012 179.412 2.70967e-005 -90 0.000101409 172.322 2.70967e-005 -90 2.25806e-006 90 7.82794e-006 -90 0.000220109 1.80285 1.08387e-005 -90 0.000100646 3.08662 1.08387e-005 -90 9.03224e-007 90 7.82794e-006 -90 0.000220002 179.765 1.08387e-005 -90 0.000100646 176.913 1.08387e-005 -90 9.03224e-007 90 
4.64159e+008 1 0 0 0 1 0 0 0 1 0 0 0 0 0 1 0 0 0 1 0 0 0 1 0 1 180 0 0 1 180 0 0 1 180 0 0 0 0 1 180 0 0 1 180 0 0 1 180 2.52754e-005 -90 0.000221133 5.80316 3.49968e-005 -90 0.000102012 9.87694 3.49968e-005 -90 2.9164e-006 90 2.52754e-005 -90 0.000220019 179.241 3.49968e-005 -90 0.000102012 170.123 3.49968e-005 -90 2.9164e-006 90 1.01102e-005 -90 0.000220182 2.32795 1.39987e-005 -90 0.000100743 3.98395 1.39987e-005 -90 1.16656e-006 90 1.01102e-005 -90 0.000220003 179.696 1.39987e-005 -90 0.000100743 176.016 1.39987e-005 -90 1.16656e-006 90 
5.99484e+008 1 0 0 0 1 0 0 0 1 0 0 0 0 0 1 0 0 0 1 0 0 0 1 0 1 180 0 0 1 180 0 0 1 180 0 0 0 0 1 180 0 0 1 180 0 0 1 180 3.26445e-005 -90 0.000221887 7.47805 4.52e-005 -90 0.00010301 12.6736 4.52e-005 -90 3.76667e-006 90 3.26445e-005 -90 0.000220032 179.019 4.52e-005 -90 0.00010301 167.326 4.52e-005 -90 3.76667e-006 90 1.30578e-005 -90 0.000220303 3.00556 1.808e-005 -90 0.000100906 5.13994 1.808e-005 -90 1.50667e-006 90 1.30578e-005 -90 0.000220005 179.608 1.808e-005 -90 0.000100906 174.86 1.808e-005 -90 1.50667e-006 90 
7.74264e+008 1 0 0 0 1 0 0 0 1 0 0 0 0 0 1 0 0 0 1 0 0 0 1 0 1 180 0 0 1 180 0 0 1 180 0 0 0 0 1 180 0 0 1 180 0 0 1 180 4.2162e-005 -90 0.000223139 9.622 5.83781e-005 -90 0.000104653 16.1953 5.83781e-005 -90 4.86484e-006 90 4.2162e-005 -90 0.000220054 178.733 5.83781e-005 -90 0.000104653 163.805 5.83781e-005 -90 4.86484e-006 90 1.68648e-005 -90 0.000220505 3.87946 2.33512e-005 -90 0.000101176 6.62665 2.33512e-005 -90 1.94594e-006 90 1.68648e-005 -90 0.000220009 179.493 2.33512e-005 -90 0.000101176 173.373 2.33512e-005 -90 1.94594e-006 90 
1e+009 1 0 0 0 1 0 0 0 1 0 0 0 0 0 1 0 0 0 1 0 0 0 1 0 1 180 0 0 1 180 0 0 1 180 0 0 0 0 1 180 0 0 1 180 0 0 1 180 5.44543e-005 -90 0.000225212 12.3505 7.53982e-005 -90 0.000107338 20.5618 7.53982e-005 -90 6.28319e-006 90 5.44543e-005 -90 0.00022009 178.364 7.53982e-005 -90 0.000107338 159.438 7.53982e-005 -90 6.28319e-006 90 2.17817e-005 -90 0.000220842 5.00541 3.01593e-005 -90 0.000101625 8.53336 3.01593e-005 -90 2.51327e-006 90 2.17817e-005 -90 0.000220014 179.345 3.01593e-005 -90 0.000101625 171.467 3.01593e-005 -90 2.51327e-006 90 
